Hurst Estimator Bias Characterization
======================================================================
Monte Carlo realizations per (H, N) pair: 50


H_true = 0.3
----------------------------------------------------------------------
     N     R/S_bias     R/S_rmse     DFA_bias     DFA_rmse Wavelet_bias Wavelet_rmse Periodogram_bias Periodogram_rmse     DMA_bias     DMA_rmse
   256      +0.1243       0.1375      -0.0008       0.0641      -0.0720       0.1244      -0.0601       0.0869      +0.0252       0.0576
   512      +0.1049       0.1140      +0.0097       0.0598      -0.0747       0.1146      -0.0532       0.0743      +0.0244       0.0657
  1024      +0.0845       0.0910      -0.0110       0.0352      -0.0615       0.0875      -0.0581       0.0680      +0.0154       0.0542
  2048      +0.0881       0.0906      +0.0044       0.0244      -0.0556       0.0775      -0.0463       0.0505      +0.0215       0.0418
  4096      +0.0767       0.0784      +0.0007       0.0185      -0.0361       0.0544      -0.0493       0.0524      +0.0113       0.0354

H_true = 0.5
----------------------------------------------------------------------
     N     R/S_bias     R/S_rmse     DFA_bias     DFA_rmse Wavelet_bias Wavelet_rmse Periodogram_bias Periodogram_rmse     DMA_bias     DMA_rmse
   256      +0.0865       0.1152      +0.0073       0.0948      -0.0542       0.1027      -0.0260       0.0739      +0.0217       0.0891
   512      +0.0583       0.0799      +0.0108       0.0640      -0.0658       0.1046      +0.0067       0.0425      +0.0100       0.0743
  1024      +0.0400       0.0556      -0.0133       0.0495      -0.0622       0.0828      -0.0035       0.0278      +0.0004       0.0510
  2048      +0.0444       0.0570      -0.0025       0.0439      -0.0471       0.0683      -0.0067       0.0216      +0.0085       0.0547
  4096      +0.0428       0.0508      -0.0018       0.0318      -0.0373       0.0550      -0.0030       0.0133      +0.0143       0.0453

H_true = 0.7
----------------------------------------------------------------------
     N     R/S_bias     R/S_rmse     DFA_bias     DFA_rmse Wavelet_bias Wavelet_rmse Periodogram_bias Periodogram_rmse     DMA_bias     DMA_rmse
   256      +0.0039       0.0878      -0.0172       0.1203      -0.0952       0.1456      +0.0076       0.0605      -0.0274       0.1031
   512      +0.0262       0.0708      -0.0029       0.0897      -0.0549       0.0948      +0.0095       0.0400      -0.0363       0.0916
  1024      +0.0099       0.0508      -0.0210       0.0675      -0.0564       0.0884      +0.0202       0.0348      -0.0307       0.0827
  2048      +0.0128       0.0425      +0.0070       0.0501      -0.0343       0.0632      +0.0234       0.0318      -0.0271       0.0681
  4096      +0.0093       0.0343      -0.0041       0.0307      -0.0349       0.0542      +0.0207       0.0240      -0.0116       0.0543

H_true = 0.9
----------------------------------------------------------------------
     N     R/S_bias     R/S_rmse     DFA_bias     DFA_rmse Wavelet_bias Wavelet_rmse Periodogram_bias Periodogram_rmse     DMA_bias     DMA_rmse
   256      -0.0677       0.1047      -0.2111       0.3889      -0.0812       0.1393      +0.0440       0.0851      -0.1118       0.1459
   512      -0.0638       0.0989      -0.1741       0.3505      -0.0440       0.0974      +0.0267       0.0508      -0.0948       0.1281
  1024      -0.0599       0.0842      -0.0581       0.1908      -0.0623       0.0881      +0.0376       0.0478      -0.0982       0.1253
  2048      -0.0439       0.0605      -0.0732       0.2585      -0.0262       0.0556      +0.0341       0.0407      -0.0774       0.0965
  4096      -0.0424       0.0524      -0.0047       0.0419      -0.0248       0.0440      +0.0333       0.0360      -0.0656       0.0793
